0  0  1  0  0  0  8  0  0
0  7  0  3  1  0  0  9  0
3  0  0  0  4  5  0  0  7
0  9  0  7  0  0  5  0  0
0  4  2  0  5  0  1  3  0
0  0  3  0  0  9  0  4  0
2  0  0  5  7  0  0  0  4
0  3  0  0  9  1  0  6  0
0  0  4  0  0  0  3  0  0

Solution:

4   2   1   9   6   7   8   5   3
6   7   5   3   1   8   4   9   2
3   8   9   2   4   5   6   1   7
1   9   8   7   3   4   5   2   6
7   4   2   8   5   6   1   3   9
5   6   3   1   2   9   7   4   8
2   1   6   5   7   3   9   8   4
8   3   7   4   9   1   2   6   5
9   5   4   6   8   2   3   7   1
