0  0  0  0  0  0  0  5  0
0  0  6  2  0  3  0  0  4
9  1  0  0  0  0  6  0  0
3  0  4  8  0  0  0  0  0
0  0  8  0  1  0  5  0  0
0  0  0  0  0  7  9  0  3
0  0  9  0  0  0  0  1  7
5  0  0  6  0  8  3  0  0
0  7  0  0  0  0  0  0  0

Solution:

4   3   7   1   8   6   2   5   9
8   5   6   2   9   3   1   7   4
9   1   2   7   5   4   6   3   8
3   9   4   8   6   5   7   2   1
7   2   8   3   1   9   5   4   6
1   6   5   4   2   7   9   8   3
6   8   9   5   3   2   4   1   7
5   4   1   6   7   8   3   9   2
2   7   3   9   4   1   8   6   5
