0  0  4  0  9  0  0  0  0
0  0  0  0  0  0  8  6  0
5  0  3  0  0  1  0  2  0
0  0  0  5  0  2  9  0  0
7  0  0  0  0  0  0  0  4
0  0  5  3  0  4  0  0  0
0  6  0  8  0  0  5  0  3
0  2  1  0  0  0  0  0  0
0  0  0  0  4  0  7  0  0

Solution:

6   8   4   2   9   5   3   7   1
2   1   9   4   3   7   8   6   5
5   7   3   6   8   1   4   2   9
8   4   6   5   1   2   9   3   7
7   3   2   9   6   8   1   5   4
1   9   5   3   7   4   2   8   6
4   6   7   8   2   9   5   1   3
9   2   1   7   5   3   6   4   8
3   5   8   1   4   6   7   9   2
