7  0  0  0  2  0  0  0  6
0  0  5  3  0  0  8  0  0
0  1  0  0  0  4  0  0  0
0  0  6  0  7  0  0  1  0
3  0  0  0  0  0  0  0  8
0  4  0  0  5  0  2  0  0
0  0  0  6  0  0  0  4  0
0  0  8  0  0  1  6  0  0
6  0  0  0  9  0  0  0  3

Solution:

7   3   4   9   2   8   1   5   6
2   6   5   3   1   7   8   9   4
8   1   9   5   6   4   3   7   7
9   8   6   2   7   3   4   1   5
3   5   2   1   4   9   7   6   8
1   4   7   8   5   6   2   3   9
5   7   3   6   8   2   9   4   1
4   9   8   7   3   1   6   2   2
6   7   1   4   9   2   5   8   3
