0  3  0  1  0  0  0  5  0
1  0  9  2  7  5  0  0  0
8  5  0  0  0  0  0  1  0
0  0  6  0  0  1  0  2  0
0  2  0  7  6  4  0  0  0
0  9  0  3  2  0  6  0  0
0  1  0  0  0  7  0  3  8
0  0  0  0  1  2  4  0  0
0  7  0  0  0  0  0  9  0

Solution

6   3   2   1   8   9   7   5   4
1   4   9   2   7   5   8   6   3
8   5   7   4   3   6   9   1   2
4   8   6   9   5   1   3   2   7
3   2   1   7   6   4   5   8   9
7   9   5   3   2   8   6   4   1
5   1   4   6   9   7   2   3   8
9   6   3   8   1   2   4   7   5
2   7   8   5   4   3   1   9   6
