0  6  0  5  0  0  0  0  0
8  0  0  0  2  0  0  1  0
0  7  2  4  0  0  3  0  0
6  9  0  8  0  0  0  0  0
0  0  1  0  0  0  2  0  0
0  0  0  0  0  7  0  3  1
0  0  8  0  0  4  1  9  0
0  5  0  0  3  0  0  0  7
0  0  0  0  0  9  0  8  0

Solution

3   6   9   5   8   1   7   4   2
8   4   5   7   2   3   9   1   6
1   7   2   4   9   6   3   5   8
6   9   3   8   1   2   5   7   4
7   8   1   3   4   5   2   6   9
5   2   4   9   6   7   8   3   1
2   3   8   6   7   4   1   9   5
9   5   6   1   3   8   4   2   7
4   1   7   2   5   9   6   8   3
