9  0  0  4  0  0  7  0  0
0  0  1  0  0  2  0  0  0
0  5  0  0  8  0  0  0  3
7  0  0  9  0  0  0  2  0
0  0  4  0  0  0  8  0  0
0  3  0  0  0  6  0  0  1
4  0  0  0  6  0  0  1  0
0  0  0  5  0  0  9  0  0
0  0  2  0  0  3  0  0  6

Solution:

9   8   6   4   3   1   7   5   2
3   4   1   7   5   2   6   9   8
2   5   7   6   8   9   1   4   3
7   6   5   9   1   8   3   2   4
1   2   4   3   7   5   8   6   9
8   3   9   2   4   6   5   7   1
4   9   3   8   6   7   2   1   5
6   1   8   5   2   4   9   3   7
5   7   2   1   9   3   4   8   6
